20
345 765 33333 765 123 782 904 23 789 333333 456 190 234 564 347 864 365 175 372 675 254 763 891
754 347 453 758 351 100 754 6666 462 275 1262 8638 235 367 63 136 753 356 743 847 902 654
126 532 658 478 437 54 3467 871 80000 322 6 326 864 123 563 673 671 33333 674 891 123
175 64 247 643 863 1467 57 235 236 753 2678 672 236 432 844 421 672 892 672 893
532 1378 9875 3477 425 6752 12367 8538 26836 2357 341 67 3546 865 23 33333 784 902 124
1235 643 235 753 864 346 134 643 678 472 127 853 571 900 673 901 63 213
129 76 347 7542 347 975 246 6789 1356 647 1567 327 53 672 892 785 325
126 784 239 33333 678 33333 33333 672 892 901 234 671 35 325 892 12
781 67 234 891 673 652 765 263 984 198 222 312 324 89 12
176 543 897 654 288 2654 896 256 782 987 768 213 123 893
33333 33333 33333 674 876 33333 654 213 874 678 345 781 124
234 874 892 213 991 249 213 242 783 234 756 123
654 892 784 543 902 426 234 214 367 975 346
654 234 247 213 33333 764 234 524 24 246
564 891 249 123 214 523 33333 567 546
745 36433 84 3735 3245 32 568 34
856 543 576 235 347 634 897
843 321 3245 54 832 642
1 325 23 452 23
2 25 643 235
214 663 54
123 634
234